336.8741
-4.34 -0.335 1.478 
0 0.3255682 0 0.9455186 
-2.6 -0.1 1.57 
-0.6322627 0.3994919 -0.3166134 0.5834433 
0.3 -0.4 1.13 
0.01654496 0.06635822 0.2413555 0.968024 
1.44 -0.7 0.3 
-0.5336603 0.4639038 0.4639038 0.5336603 
1.63 -0.7 -0.97 
-0.5336603 0.4639038 0.4639038 0.5336603 
1.8 -0.7 -2.24 
-0.5336603 0.4639038 0.4639038 0.5336603 
-6 -0.25 0.7 
-0.704416 -0.06162841 -0.06162841 0.704416 
-3.7 -0.25 1.6 
-0.6984012 0.1106159 0.1106159 0.6984012 
-6 -0.4 -3.8 
3.090862E-08 0.7071068 0.7071068 -3.090862E-08 
-6 -0.4 -3.1 
3.090862E-08 0.7071068 0.7071068 -3.090862E-08 
-6 -0.4 -2.4 
3.090862E-08 0.7071068 0.7071068 -3.090862E-08 
-6 -0.4 -1.7 
3.090862E-08 0.7071068 0.7071068 -3.090862E-08 
-6 -0.4 -1 
3.090862E-08 0.7071068 0.7071068 -3.090862E-08 
-5.25 -0.4 -3.8 
-0.7071068 0 0 0.7071068 
-5.25 -0.4 -3.1 
-0.7071068 0 0 0.7071068 
-5.25 -0.4 -2.4 
-0.7071068 0 0 0.7071068 
-5.25 -0.4 -1.7 
-0.7071068 0 0 0.7071068 
-5.25 -0.4 -1 
-0.7071068 0 0 0.7071068 
-4 -0.4 -3.8 
3.090862E-08 0.7071068 0.7071068 -3.090862E-08 
-4 -0.4 -3.1 
3.090862E-08 0.7071068 0.7071068 -3.090862E-08 
-4 -0.4 -2.4 
3.090862E-08 0.7071068 0.7071068 -3.090862E-08 
-4 -0.4 -1.7 
3.090862E-08 0.7071068 0.7071068 -3.090862E-08 
-4 -0.4 -1 
3.090862E-08 0.7071068 0.7071068 -3.090862E-08 
-3.25 -0.4 -3.8 
-0.7071068 0 0 0.7071068 
-3.25 -0.4 -3.1 
-0.7071068 0 0 0.7071068 
-3.25 -0.4 -2.4 
-0.7071068 0 0 0.7071068 
-3.25 -0.4 -1.7 
-0.7071068 0 0 0.7071068 
-3.25 -0.4 -1 
-0.7071068 0 0 0.7071068 
-2 -0.4 -3.8 
3.090862E-08 0.7071068 0.7071068 -3.090862E-08 
-2 -0.4 -3.1 
3.090862E-08 0.7071068 0.7071068 -3.090862E-08 
-2 -0.4 -2.4 
3.090862E-08 0.7071068 0.7071068 -3.090862E-08 
-2 -0.4 -1.7 
3.090862E-08 0.7071068 0.7071068 -3.090862E-08 
-2 -0.4 -1 
3.090862E-08 0.7071068 0.7071068 -3.090862E-08 
-1.25 -0.4 -3.8 
-0.7071068 0 0 0.7071068 
-1.25 -0.4 -3.1 
-0.7071068 0 0 0.7071068 
-1.25 -0.4 -2.4 
-0.7071068 0 0 0.7071068 
-1.25 -0.4 -1.7 
-0.7071068 0 0 0.7071068 
-1.25 -0.4 -1 
-0.7071068 0 0 0.7071068 
-6 -0.4 -3.8 
3.090862E-08 0.7071068 0.7071068 -3.090862E-08 
-6 -0.4 -3.1 
3.090862E-08 0.7071068 0.7071068 -3.090862E-08 
-6 -0.4 -2.4 
3.090862E-08 0.7071068 0.7071068 -3.090862E-08 
-6 -0.4 -1.7 
3.090862E-08 0.7071068 0.7071068 -3.090862E-08 
-6 -0.4 -1 
3.090862E-08 0.7071068 0.7071068 -3.090862E-08 
-5.25 -0.4 -3.8 
-0.7071068 0 0 0.7071068 
-5.25 -0.4 -3.1 
-0.7071068 0 0 0.7071068 
-5.25 -0.4 -2.4 
-0.7071068 0 0 0.7071068 
-5.25 -0.4 -1.7 
-0.7071068 0 0 0.7071068 
-5.25 -0.4 -1 
-0.7071068 0 0 0.7071068 
-4 -0.4 -3.8 
3.090862E-08 0.7071068 0.7071068 -3.090862E-08 
-4 -0.4 -3.1 
3.090862E-08 0.7071068 0.7071068 -3.090862E-08 
-4 -0.4 -2.4 
3.090862E-08 0.7071068 0.7071068 -3.090862E-08 
-4 -0.4 -1.7 
3.090862E-08 0.7071068 0.7071068 -3.090862E-08 
-4 -0.4 -1 
0.3265057 0.6272115 0.6272115 -0.3265057 
-3.25 -0.4 -3.8 
-0.7071068 0 0 0.7071068 
-3.25 -0.4 -3.1 
-0.7071068 0 0 0.7071068 
-3.25 -0.4 -2.4 
-0.7071068 0 0 0.7071068 
-3.25 -0.4 -1.7 
-0.02467768 0.7066761 0.7066761 0.02467768 
-3.25 -0.4 -1 
-0.12886 0.6952663 0.6952663 0.12886 
-2 -0.4 -3.8 
3.090862E-08 0.7071068 0.7071068 -3.090862E-08 
-2 -0.4 -3.1 
3.090862E-08 0.7071068 0.7071068 -3.090862E-08 
-2 -0.4 -2.4 
3.090862E-08 0.7071068 0.7071068 -3.090862E-08 
-2 -0.4 -1.7 
3.090862E-08 0.7071068 0.7071068 -3.090862E-08 
-2 -0.4 -1 
3.090862E-08 0.7071068 0.7071068 -3.090862E-08 
-1.25 -0.4 -3.8 
-0.7071068 0 0 0.7071068 
-1.25 -0.4 -3.1 
-0.7071068 0 0 0.7071068 
-1.25 -0.4 -2.4 
-0.7071068 0 0 0.7071068 
-1.25 -0.4 -1.7 
-0.7071068 0 0 0.7071068 
-1.25 -0.4 -1 
-0.7071068 0 0 0.7071068 
-6 -0.4 -3.8 
3.090862E-08 0.7071068 0.7071068 -3.090862E-08 
-6 -0.4 -3.1 
3.090862E-08 0.7071068 0.7071068 -3.090862E-08 
-6 -0.4 -2.4 
3.090862E-08 0.7071068 0.7071068 -3.090862E-08 
-6 -0.4 -1.7 
3.090862E-08 0.7071068 0.7071068 -3.090862E-08 
-6 -0.4 -1 
3.090862E-08 0.7071068 0.7071068 -3.090862E-08 
-5.25 -0.4 -3.8 
-0.7071068 0 0 0.7071068 
-5.25 -0.4 -3.1 
-0.7071068 0 0 0.7071068 
-5.25 -0.4 -2.4 
-0.7071068 0 0 0.7071068 
-5.25 -0.4 -1.7 
-0.7071068 0 0 0.7071068 
-5.25 -0.4 -1 
-0.7071068 0 0 0.7071068 
-4 -0.4 -3.8 
3.090862E-08 0.7071068 0.7071068 -3.090862E-08 
-4 -0.4 -3.1 
3.090862E-08 0.7071068 0.7071068 -3.090862E-08 
-4 -0.4 -2.4 
3.090862E-08 0.7071068 0.7071068 -3.090862E-08 
-4 -0.4 -1.7 
3.090862E-08 0.7071068 0.7071068 -3.090862E-08 
-4 -0.4 -1 
3.090862E-08 0.7071068 0.7071068 -3.090862E-08 
-3.25 -0.4 -3.8 
-0.7071068 0 0 0.7071068 
-3.25 -0.4 -3.1 
-0.7071068 0 0 0.7071068 
-3.25 -0.4 -2.4 
-0.7071068 0 0 0.7071068 
-3.25 -0.4 -1.7 
-0.7010574 0.09229597 0.09229597 0.7010574 
-3.25 -0.4 -1 
-0.385118 0.5930297 0.5930297 0.385118 
-2 -0.4 -3.8 
3.090862E-08 0.7071068 0.7071068 -3.090862E-08 
-2 -0.4 -3.1 
3.090862E-08 0.7071068 0.7071068 -3.090862E-08 
-2 -0.4 -2.4 
3.090862E-08 0.7071068 0.7071068 -3.090862E-08 
-2 -0.4 -1.7 
3.090862E-08 0.7071068 0.7071068 -3.090862E-08 
-2 -0.4 -1 
3.090862E-08 0.7071068 0.7071068 -3.090862E-08 
-1.25 -0.4 -3.8 
-0.7071068 0 0 0.7071068 
-1.25 -0.4 -3.1 
-0.7071068 0 0 0.7071068 
-1.25 -0.4 -2.4 
-0.7071068 0 0 0.7071068 
-1.25 -0.4 -1.7 
-0.7071068 0 0 0.7071068 
-1.25 -0.4 -1 
-0.7071068 0 0 0.7071068 
